1 2	101 84 130 
1 5	300 301 351
1 8	127 173 119
2 3	42 42 37
2 5	215 217 244
2 8   106 232 95
3 4	64 39 inf
3 5   186 175 inf
4 5	129 136 inf
4 6   80 72 inf
5 6	69 64 70
5 7	88 inf 79
5 9	102 125 96
5 10 107 266 inf
5 11	287 257 289
6 7	36 inf 14
6 9   168 159 179
7 8	172  inf 167
7 11	377 inf 361
8 12  687 734 696
9 10	149 141 inf
9 11	193 172 187
9 12	366 325 347
10 12	312 327 inf
10 13	371 355 inf
11 12	195 197 160
11 13	321 355 349
12 13        243 223 217
12 14	322 252 413
12 15        425 554 490
13 14	222 215 220
13 15       335 362 364
13 16	319 292 506
13 17	223 235 329
14 15	153 147 124
14 16        267 538 315
15 16	395 451 422
16 17        111 88 123
16 18        565 553 573
17 18        658 641 643
18 19        263 207 275
18 20        307 324 inf
19 20        238 261 inf
